## timestamp
2026-08-25T09:07:40.134919+00:00

## loadavg
0.80 0.67 1.27 2/1837 1322246

## uptime
15946892.24 244454586.37

## stat
cpu  573134490 106823 307453023 24445458637 8035869 0 51300687 0 0 0
cpu0 32688872 3901 22630844 1521210411 441962 0 42777125 0 0 0
cpu1 26496436 5615 11398911 1545640233 597237 0 5005618 0 0 0
cpu2 85026291 16296 49557396 1441082400 671041 0 736379 0 0 0
cpu3 85398283 23533 31116309 1466654866 771102 0 710286 0 0 0
cpu4 29551370 2911 20488310 1528420761 543524 0 343239 0 0 0
cpu5 19726006 3975 8145550 1557709243 737231 0 203549 0 0 0
cpu6 79720074 13336 46115612 1450676896 659165 0 76449 0 0 0
cpu7 82432620 21878 30214276 1471496308 785815 0 52836 0 0 0
cpu8 26292507 3094 16683942 1537219423 480314 0 52357 0 0 0
cpu9 17157050 2279 8065162 1557686464 585665 0 1186353 0 0 0
cpu10 18198182 1616 15036513 1550213551 337891 0 46414 0 0 0
cpu11 11894884 1494 6200440 1570663229 371794 0 25770 0 0 0
cpu12 19217454 2116 15050548 1549183647 285628 0 33018 0 0 0
cpu13 13144330 2005 7003958 1568319584 335963 0 14977 0 0 0
cpu14 14981633 1362 13174202 1557528809 212654 0 25167 0 0 0
cpu15 11208491 1406 6571044 1571752803 218874 0 11145 0 0 0
intr 72428527490 39 9 0 0 0 0 0 0 0 3174648 0 0 0 0 0 0 0 0 0 0 0 0 0 0 0 0 0 0 0 0 0 0 0 0 0 0 0 0 0 0 0 0 5488 5545 0 0 0 0 0 0 0 0 0 0 0 0 0 0 0 0 22 64713698 125759757 61154720 123799385 47179692 31150509 32098963 23628708 1251246366 0 5538 5545 0 0 0 0 0 0 0 0 0 0 0 0 0 0 0 0 0 209324385 0 0 0 0 0 0 0 0 9 0 0 0 0 0 0 0 0 0 0 0 0 0 0 2 0 80934 3447 6552091 0 0 0 0 0 0 0 0 0 0 0 0 0 0 0 0 0 0 0 0 0 0 0 0 0 0 0 0 0 0 0 0 0 0 0 0 0 0 0 0 0 0 0 0 0 0 0 0 0 0 0 0 0 0 0 0 0 0 0 0 0 0 0 0 0 0 0 0 0 0 0 0 0 0 0 0 0 0 0 0 0 0 0 0 0 0 0 0 0 0 0 0 0 0 0 0 0 0 0 0 0 0 0 0 0 0 0 0 0 0 0 0 0 0 0 0 0 0 0 0 0 0 0 0 0 0 0 0 0 0 0 0 0 0 0 0 0 0 0 0 0 0 0 0 0 0 0 0 0 0 0 0 0 0 0 0 0 0 0 0 0 0 0 0 0 0 0 0 0 0 0 0 0 0 0 0 0 0 0 0 0 0 0 0 0 0 0 0 0 0 0 0 0 0 0 0 0 0 0 0 0 0 0 0 0 0 0 0 0 0 0 0 0 0 0 0 0 0 0 0 0 0 0 0 0 0 0 0 0 0 0 0 0 0 0 0 0 0 0 0 0 0 0 0 0 0 0 0 0 0 0 0 0 0 0 0 0 0 0 0 0 0 0 0 0 0 0 0 0 0 0 0 0 0 0 0 0 0 0 0 0 0 0 0 0 0 0 0 0 0 0 0 0 0 0 0 0 0 0 0 0 0 0 0 0 0 0 0 0 0 0 0 0 0 0 0 0 0 0 0 0 0 0 0 0 0 0 0 0 0 0 0 0 0 0 0 0 0 0 0 0 0 0 0 0 0 0 0 0 0 0 0 0 0 0 0 0 0 0 0 0 0 0 0 0 0 0 0 0 0 0 0 0 0 0 0 0 0 0 0 0 0 0 0 0 0 0 0 0 0 0 0 0 0 0 0 0 0 0 0 0 0 0 0 0 0 0 0 0 0 0 0 0 0 0 0 0 0 0 0 0 0 0 0 0 0 0 0 0 0 0 0 0 0 0 0 0 0 0 0 0 0 0 0 0 0 0 0 0 0 0 0 0 0 0 0 0 0 0 0 0 0 0 0 0 0 0 0 0 0 0 0 0 0 0 0 0 0 0 0 0 0 0 0 0 0 0 0 0 0 0 0 0 0 0 0 0 0 0 0 0 0 0 0 0 0 0 0 0 0 0 0 0 0 0 0 0 0 0 0 0 0 0 0 0 0 0 0 0 0 0 0 0 0 0 0 0 0 0 0 0 0 0 0 0 0 0 0 0 0 0 0 0 0 0 0 0 0 0 0 0 0 0 0 0 0 0 0 0 0 0 0 0 0 0 0 0 0 0 0 0 0 0 0 0 0 0 0 0 0 0 0 0 0 0 0 0 0 0 0 0 0 0 0 0 0 0 0 0 0 0 0 0 0 0 0 0 0 0 0 0 0 0 0 0 0 0 0 0 0 0 0 0 0 0 0 0 0 0 0 0 0 0 0 0 0 0 0 0 0 0 0 0 0 0 0 0 0 0 0 0 0 0 0 0 0 0 0 0 0 0 0 0 0 0 0 0 0 0 0 0 0 0 0 0 0 0 0 0 0 0 0 0 0 0 0 0 0 0 0 0 0 0 0 0 0 0 0 0 0 0 0 0 0 0 0 0 0 0 0 0 0 0 0 0 0 0 0 0 0 0 0 0 0 0 0 0 0 0 0 0 0 0 0 0 0 0 0 0 0 0 0 0 0 0 0 0 0 0 0 0 0 0 0 0 0 0 0 0 0 0 0 0 0 0 0 0 0 0 0 0 0 0 0 0 0 0 0 0 0 0 0 0 0 0 0 0 0 0 0 0 0 0 0 0 0 0 0 0 0 0 0 0 0 0 0 0 0 0 0 0 0 0 0 0 0 0 0 0 0 0 0 0 0 0 0 0 0 0 0 0 0 0 0 0 0 0 0 0 0 0 0 0 0 0 0 0 0 0 0 0 0 0 0 0 0 0 0 0 0 0 0 0 0 0 0 0 0 0 0 0 0 0 0 0 0 0 0 0 0 0 0 0 0 0 0 0 0 0 0 0 0 0 0 0 0 0 0 0 0 0 0 0 0 0 0 0 0 0 0 0 0 0 0 0 0 0 0 0 0 0 0 0 0 0 0 0 0 0 0 0 0 0 0 0 0 0 0 0 0 0 0 0 0 0 0 0 0 0 0 0 0 0 0 0 0 0 0 0 0 0 0 0 0 0 0 0
ctxt 377771489594
btime 1771701967
processes 319971863
procs_running 2
procs_blocked 0
softirq 24582163099 268 2368172626 257169 2180290679 41 0 214435914 3402264397 202198 3531637919

## interrupts
CPU0       CPU1       CPU2       CPU3       CPU4       CPU5       CPU6       CPU7       CPU8       CPU9       CPU10      CPU11      CPU12      CPU13      CPU14      CPU15      
   0:         39          0          0          0          0          0          0          0          0          0          0          0          0          0          0          0  IR-IO-APIC    2-edge      timer
   1:          0          0          0          0          0          0          0          0          0          0          0          9          0          0          0          0  IR-IO-APIC    1-edge      i8042
   7:          0          0          0          0          0          0          0          0          0          0          0          0          0          0          0          0  IR-IO-APIC    7-fasteoi   pinctrl_amd
   8:          0          0          0          0          0          0          0          0          0          0          0          0          0          0          0          0  IR-IO-APIC    8-edge      rtc0
   9:          0    3174648          0          0          0          0          0          0          0          0          0          0          0          0          0          0  IR-IO-APIC    9-fasteoi   acpi
  24:          0          0          0          0          0          0          0          0          0          0          0          0          0          0          0          0  PCI-MSI-0000:00:00.2    0-edge      AMD-Vi
  25:          0          0          0          0          0          0          0          0          0          0          0          0          0          0          0          0  amd_gpio    0  ACPI:Event
  26:          0          0          0          0          0          0          0          0          0          0          0          0          0          0          0          0  amd_gpio   44  ACPI:Event
  27:          0          0          0          0          0          0          0          0          0          0          0          0          0          0          0          0  amd_gpio   61  ACPI:Event
  28:          0          0          0          0          0          0          0          0          0          0          0          0          0          0          0          0  amd_gpio   62  ACPI:Event
  29:          0          0          0          0          0          0          0          0          0          0          0          0          0          0          0          0  amd_gpio   58  ACPI:Event
  30:          0          0          0          0          0          0          0          0          0          0          0          0          0          0          0          0  amd_gpio   59  ACPI:Event
  31:          0          0          0          0          0          0          0          0          0          0          0          0          0          0          0          0  amd_gpio    3  ACPI:Event
  32:          0          0          0          0          0          0          0          0          0          0          0          0          0          0          0          0  amd_gpio   18  ACPI:Event
  33:          0          0          0          0          0          0          0          0          0          0          0          0          0          0          0          0  amd_gpio   24  ACPI:Event
  34:          0          0          0          0          0          0          0          0          0          0          0          0          0          0          0          0  IR-PCI-MSI-0000:00:01.2    0-edge      PCIe PME
  35:          0          0          0          0          0          0          0          0          0          0          0          0          0          0          0          0  IR-PCI-MSI-0000:00:02.1    0-edge      PCIe PME
  36:          0          0          0          0          0          0          0          0          0          0          0          0          0          0          0          0  IR-PCI-MSI-0000:00:02.2    0-edge      PCIe PME
  37:          0          0          0          0          0          0          0          0          0          0          0          0          0          0          0          0  IR-PCI-MSI-0000:00:03.1    0-edge      PCIe PME, aerdrv, pciehp
  38:          0          0          0          0          0          0          0          0          0          0          0          0          0          0          0          0  IR-PCI-MSI-0000:00:04.1    0-edge      PCIe PME, aerdrv, pciehp
  39:          0          0          0          0          0          0          0          0          0          0          0          0          0          0          0          0  IR-PCI-MSI-0000:00:08.1    0-edge      PCIe PME
  40:          0          0          0          0          0          0          0          0          0          0          0          0          0          0          0          0  IR-PCI-MSI-0000:00:08.3    0-edge      PCIe PME, aerdrv
  42:          0          0          0          0          0          0          0          0          0          0          0          0          0       5488          0          0  IR-PCI-MSIX-0000:65:00.5    0-edge      thunderbolt
  43:          0          0          0          0          0          0          0          0          0          0          0          0          0          0       5545          0  IR-PCI-MSIX-0000:65:00.5    1-edge      thunderbolt
  60:          0          0          0          0          0          0          0          0          0          0          0          0          0          0          0         22  IR-PCI-MSIX-0000:01:00.0    0-edge      nvme0q0
  61:          0   64713698          0          0          0          0          0          0          0          0          0          0          0          0          0          0  IR-PCI-MSIX-0000:01:00.0    1-edge      nvme0q1
  62:          0          0          0  125759757          0          0          0          0          0          0          0          0          0          0          0          0  IR-PCI-MSIX-0000:01:00.0    2-edge      nvme0q2
  63:          0          0          0          0          0   61154720          0          0          0          0          0          0          0          0          0          0  IR-PCI-MSIX-0000:01:00.0    3-edge      nvme0q3
  64:          0          0          0          0          0          0          0  123799385          0          0          0          0          0          0          0          0  IR-PCI-MSIX-0000:01:00.0    4-edge      nvme0q4
  65:          0          0          0          0          0          0          0          0          0   47179692          0          0          0          0          0          0  IR-PCI-MSIX-0000:01:00.0    5-edge      nvme0q5
  66:          0          0          0          0          0          0          0          0          0          0          0   31150509          0          0          0          0  IR-PCI-MSIX-0000:01:00.0    6-edge      nvme0q6
  67:          0          0          0          0          0          0          0          0          0          0          0          0          0   32098963          0          0  IR-PCI-MSIX-0000:01:00.0    7-edge      nvme0q7
  68:          0          0          0          0          0          0          0          0          0          0          0          0          0          0          0   23628708  IR-PCI-MSIX-0000:01:00.0    8-edge      nvme0q8
  69:          0          0          0          0          0          0          0          0          0 1251246366          0          0          0          0          0          0  IR-PCI-MSIX-0000:02:00.0    0-edge      eno1
  71:       5538          0          0          0          0          0          0          0          0          0          0          0          0          0          0          0  IR-PCI-MSIX-0000:65:00.6    0-edge      thunderbolt
  72:          0       5545          0          0          0          0          0          0          0          0          0          0          0          0          0          0  IR-PCI-MSIX-0000:65:00.6    1-edge      thunderbolt
  88:          0          0          0          0          0          0          0          0          0          0          0          0          0          0          0          0  IR-PCI-MSIX-0000:64:00.3    0-edge      xhci_hcd
  90:          0          0          0  209324385          0          0          0          0          0          0          0          0          0          0          0          0  IR-PCI-MSIX-0000:64:00.4    0-edge      xhci_hcd
  91:          0          0          0          0          0          0          0          0          0          0          0          0          0          0          0          0  IR-PCI-MSIX-0000:65:00.0    0-edge      xhci_hcd
  93:          0          0          0          0          0          0          0          0          0          0          0          0          0          0          0          0  IR-PCI-MSIX-0000:65:00.3    0-edge      xhci_hcd
  95:          0          0          0          0          0          0          0          0          0          0          0          0          0          0          0          0  IR-PCI-MSIX-0000:65:00.4    0-edge      xhci_hcd
  97:          0          0          0          0          0          0          0          0          0          0          0          0          0          0          0          0  IR-PCI-MSIX-0000:64:00.2    0-edge      psp-1
  99:          0          0          0          0          0          0          0          0          9          0          0          0          0          0          0          0  IR-PCI-MSIX-0000:03:00.0    0-edge      iwlwifi:default_queue
 100:          0          0          0          0          0          0          0          0          0          0          0          0          0          0          0          0  IR-PCI-MSIX-0000:03:00.0    1-edge      iwlwifi:queue_1
 101:          0          0          0          0          0          0          0          0          0          0          0          0          0          0          0          0  IR-PCI-MSIX-0000:03:00.0    2-edge      iwlwifi:queue_2
 102:          0          0          0          0          0          0          0          0          0          0          0          0          0          0          0          0  IR-PCI-MSIX-0000:03:00.0    3-edge      iwlwifi:queue_3
 103:          0          0          0          0          0          0          0          0          0          0          0          0          0          0          0          0  IR-PCI-MSIX-0000:03:00.0    4-edge      iwlwifi:queue_4
 104:          0          0          0          0          0          0          0          0          0          0          0          0          0          0          0          0  IR-PCI-MSIX-0000:03:00.0    5-edge      iwlwifi:queue_5
 105:          0          0          0          0          0          0          0          0          0          0          0          0          0          0          0          0  IR-PCI-MSIX-0000:03:00.0    6-edge      iwlwifi:queue_6
 106:          0          0          0          0          0          0          0          0          0          0          0          0          0          0          0          0  IR-PCI-MSIX-0000:03:00.0    7-edge      iwlwifi:queue_7
 107:          0          0          0          0          0          0          0          0          0          0          0          0          0          0          0          0  IR-PCI-MSIX-0000:03:00.0    8-edge      iwlwifi:queue_8
 108:          0          0          0          0          0          0          0          0          0          0          0          0          0          0          0          0  IR-PCI-MSIX-0000:03:00.0    9-edge      iwlwifi:queue_9
 109:          0          0          0          0          0          0          0          0          0          0          0          0          0          0          0          0  IR-PCI-MSIX-0000:03:00.0   10-edge      iwlwifi:queue_10
 110:          0          0          0          0          0          0          0          0          0          0          0          0          0          0          0          0  IR-PCI-MSIX-0000:03:00.0   11-edge      iwlwifi:queue_11
 111:          0          0          0          0          0          0          0          0          0          0          0          0          0          0          0          0  IR-PCI-MSIX-0000:03:00.0   12-edge      iwlwifi:queue_12
 112:          0          0          0          0          0          0          0          0          0          0          0          0          0          0          0          0  IR-PCI-MSIX-0000:03:00.0   13-edge      iwlwifi:queue_13
 113:          0          0          0          0          0          0          0          0          0          0          0          0          0          0          0          0  IR-PCI-MSIX-0000:03:00.0   14-edge      iwlwifi:queue_14
 114:          0          0          0          0          0          0          0          2          0          0          0          0          0          0          0          0  IR-PCI-MSIX-0000:03:00.0   15-edge      iwlwifi:exception
 116:          0          0          0          0          0          0          0          0          0          0          0          0          0          0      80934          0  IR-PCI-MSI-0000:64:00.1    0-edge      snd_hda_intel:card0
 117:          0          0          0          0          0          0          0          0          0          0          0          0          0          0          0       3447  IR-PCI-MSI-0000:64:00.6    0-edge      snd_hda_intel:card1
 118:          0          0          0          0          0          0          0          0          0          0    6552091          0          0          0          0          0  IR-PCI-MSIX-0000:64:00.0    0-edge      amdgpu
 NMI:     101792      71576     239980     168493     159519      52476     190769     159710      74792      40779      55045      28691      55895      35574     104470      31405   Non-maskable interrupts
 LOC: 1600698796 4251676572 1586247796   95831808 2498673069  251800084 1625425501   15529814 2785346700  955641763 2113109229 3892472673 1974897174 4031485176 1524270815 3592705793   Local timer interrupts
 SPU:          0          0          0          0          0          0          0          0          0          0          0          0          0          0          0          0   Spurious interrupts
 PMI:     101722      71550     239959     168487     159449      52337     190688     159688      74696      40765      54950      28679      55858      35491     104430      31318   Performance monitoring interrupts
 IWI:         78         24        140         21        257         65         37         29         39        120         52        220        111        119       2197         87   IRQ work interrupts
 RTR:          0          0          0          0          0          0          0          0          0          0          0          0          0          0          0          0   APIC ICR read retries
 RES:  165772261   86775710  142153257   59545472  166068237   73232123  126982706   58026647  151802262   83430137  170298000   87938970  158752006   83752704  174510739  101519342   Rescheduling interrupts
 CAL:   71005273 1301325786 4114321390  861866749 3780933609 1585459002 4165581749 1026077180 2083044850 2903203628 3478718742 1408321225 3637246765 1797820280 2389645793 1153728350   Function call interrupts
 TLB:  239557205  254715775  194951752  227887407  290724753  227768170  198625017  225910631  317581396  181730476  157091917   80326895  181031623  103121812  105285967   63754888   TLB shootdowns
 TRM:          0          0          0          0          0          0          0          0          0          0          0          0          0          0          0          0   Thermal event interrupts
 THR:          0          0          0          0          0          0          0          0          0          0          0          0          0          0          0          0   Threshold APIC interrupts
 DFR:          0          0          0          0          0          0          0          0          0          0          0          0          0          0          0          0   Deferred Error APIC interrupts
 MCE:          0          0          0          0          0          0          0          0          0          0          0          0          0          0          0          0   Machine check exceptions
 MCP:      51228      51228      51228      51228      51228      51228      51228      51228      51228      51228      51228      51228      51228      51228      51228      51228   Machine check polls
 ERR:          0
 MIS:          0
 PIN:          0          0          0          0          0          0          0          0          0          0          0          0          0          0          0          0   Posted-interrupt notification event
 NPI:          0          0          0          0          0          0          0          0          0          0          0          0          0          0          0          0   Nested posted-interrupt event
 PIW:          0          0          0          0          0          0          0          0          0          0          0          0          0          0          0          0   Posted-interrupt wakeup event

## softirqs
CPU0       CPU1       CPU2       CPU3       CPU4       CPU5       CPU6       CPU7       CPU8       CPU9       CPU10      CPU11      CPU12      CPU13      CPU14      CPU15      
          HI:          0          0          3        123        134          0          0          6          0          1          1          0          0          0          0          0
       TIMER:  247407749   89427094  281737598  245543179  186317577   70464821  235629556  161673025  146734557  276189788  111586904   46861714   99734733   50193653   75102719   43567959
      NET_TX:       1117        446       1207        547       1176        510       1388        576        804     246143        995        327        795        302        597        239
      NET_RX:   21753811    5320679   29704152   11556343   24029908    4654611   27948890   11495858   20527944 1970515695   18515029    2640714   15268286    2853837   11462607    2042315
       BLOCK:          0          0          0         12          0          0          0          0          0          0          0          0          0          0          0         29
    IRQ_POLL:          0          0          0          0          0          0          0          0          0          0          0          0          0          0          0          0
     TASKLET:        135         75        232  209316336        474         55        157        121        117    5117836         93         45         82         62         63         31
       SCHED: 1584869978  692658784 1107961897  673547907  960676553  389533033 1048572993  600595795  890440225  821717862  792737158  321464811  758922119  348877574  676796747  322825553
     HRTIMER:          7          6          7          1          7          1         10          2         11     202093         19          2         19          1          8          4
         RCU:  538149027  302762323  925987369  693127141  557168831  271082091  857011746  624716109  519791863  468496541  474874238  234026536  457051718  248936017  418880645  234543020

## meminfo
MemTotal:       32087904 kB
MemFree:         5236964 kB
MemAvailable:   11668460 kB
Buffers:          240640 kB
Cached:          5423576 kB
SwapCached:      1871012 kB
Active:          7502544 kB
Inactive:        7688848 kB
Active(anon):    6858216 kB
Inactive(anon):  2829104 kB
Active(file):     644328 kB
Inactive(file):  4859744 kB
Unevictable:          64 kB
Mlocked:              64 kB
SwapTotal:      50331644 kB
SwapFree:       35214356 kB
Zswap:                 0 kB
Zswapped:              0 kB
Dirty:               496 kB
Writeback:             0 kB
AnonPages:       9354364 kB
Mapped:           810600 kB
Shmem:            160616 kB
KReclaimable:    1550064 kB
Slab:            9044512 kB
SReclaimable:    1550064 kB
SUnreclaim:      7494448 kB
KernelStack:       29536 kB
PageTables:       151040 kB
SecPageTables:      5204 kB
NFS_Unstable:          0 kB
Bounce:                0 kB
WritebackTmp:          0 kB
CommitLimit:    65327020 kB
Committed_AS:   72245524 kB
VmallocTotal:   34359738367 kB
VmallocUsed:       95576 kB
VmallocChunk:          0 kB
Percpu:            19520 kB
HardwareCorrupted:     0 kB
AnonHugePages:   2766848 kB
ShmemHugePages:        0 kB
ShmemPmdMapped:        0 kB
FileHugePages:         0 kB
FilePmdMapped:         0 kB
Unaccepted:            0 kB
HugePages_Total:    1024
HugePages_Free:     1024
HugePages_Rsvd:        0
HugePages_Surp:        0
Hugepagesize:       2048 kB
Hugetlb:         2097152 kB
DirectMap4k:     1781420 kB
DirectMap2M:    29933568 kB
DirectMap1G:     1048576 kB

