## timestamp
2026-08-25T09:00:15.740995+00:00

## loadavg
0.40 1.26 1.78 2/1831 1314698

## uptime
15946447.84 244447830.03

## stat
cpu  573110345 106823 307445198 24444783003 8035689 0 51298485 0 0 0
cpu0 32687864 3901 22630293 1521167929 441953 0 42775346 0 0 0
cpu1 26495652 5615 11398568 1545597041 597224 0 5005395 0 0 0
cpu2 85023972 16296 49556161 1441041995 671028 0 736330 0 0 0
cpu3 85396070 23533 31115436 1466613711 771078 0 710267 0 0 0
cpu4 29550430 2911 20487830 1528378007 543511 0 343207 0 0 0
cpu5 19725312 3975 8145276 1557665887 737207 0 203537 0 0 0
cpu6 79718248 13336 46114574 1450635735 659156 0 76448 0 0 0
cpu7 82431199 21878 30213454 1471454290 785809 0 52835 0 0 0
cpu8 26291546 3094 16683582 1537176519 480303 0 52355 0 0 0
cpu9 17156528 2279 8064900 1557643159 585657 0 1186280 0 0 0
cpu10 18197684 1616 15036142 1550170158 337880 0 46411 0 0 0
cpu11 11894602 1494 6200242 1570619366 371780 0 25768 0 0 0
cpu12 19216933 2116 15050183 1549140255 285615 0 33015 0 0 0
cpu13 13143963 2005 7003741 1568275821 335957 0 14976 0 0 0
cpu14 14972102 1362 13173932 1557494256 212651 0 25165 0 0 0
cpu15 11208234 1406 6570881 1571708866 218870 0 11144 0 0 0
intr 72425976184 39 9 0 0 0 0 0 0 0 3174560 0 0 0 0 0 0 0 0 0 0 0 0 0 0 0 0 0 0 0 0 0 0 0 0 0 0 0 0 0 0 0 0 5488 5545 0 0 0 0 0 0 0 0 0 0 0 0 0 0 0 0 22 64712517 125758164 61153823 123798714 47178521 31149962 32098330 23627961 1251193040 0 5538 5545 0 0 0 0 0 0 0 0 0 0 0 0 0 0 0 0 0 209324385 0 0 0 0 0 0 0 0 9 0 0 0 0 0 0 0 0 0 0 0 0 0 0 2 0 80934 3447 6552091 0 0 0 0 0 0 0 0 0 0 0 0 0 0 0 0 0 0 0 0 0 0 0 0 0 0 0 0 0 0 0 0 0 0 0 0 0 0 0 0 0 0 0 0 0 0 0 0 0 0 0 0 0 0 0 0 0 0 0 0 0 0 0 0 0 0 0 0 0 0 0 0 0 0 0 0 0 0 0 0 0 0 0 0 0 0 0 0 0 0 0 0 0 0 0 0 0 0 0 0 0 0 0 0 0 0 0 0 0 0 0 0 0 0 0 0 0 0 0 0 0 0 0 0 0 0 0 0 0 0 0 0 0 0 0 0 0 0 0 0 0 0 0 0 0 0 0 0 0 0 0 0 0 0 0 0 0 0 0 0 0 0 0 0 0 0 0 0 0 0 0 0 0 0 0 0 0 0 0 0 0 0 0 0 0 0 0 0 0 0 0 0 0 0 0 0 0 0 0 0 0 0 0 0 0 0 0 0 0 0 0 0 0 0 0 0 0 0 0 0 0 0 0 0 0 0 0 0 0 0 0 0 0 0 0 0 0 0 0 0 0 0 0 0 0 0 0 0 0 0 0 0 0 0 0 0 0 0 0 0 0 0 0 0 0 0 0 0 0 0 0 0 0 0 0 0 0 0 0 0 0 0 0 0 0 0 0 0 0 0 0 0 0 0 0 0 0 0 0 0 0 0 0 0 0 0 0 0 0 0 0 0 0 0 0 0 0 0 0 0 0 0 0 0 0 0 0 0 0 0 0 0 0 0 0 0 0 0 0 0 0 0 0 0 0 0 0 0 0 0 0 0 0 0 0 0 0 0 0 0 0 0 0 0 0 0 0 0 0 0 0 0 0 0 0 0 0 0 0 0 0 0 0 0 0 0 0 0 0 0 0 0 0 0 0 0 0 0 0 0 0 0 0 0 0 0 0 0 0 0 0 0 0 0 0 0 0 0 0 0 0 0 0 0 0 0 0 0 0 0 0 0 0 0 0 0 0 0 0 0 0 0 0 0 0 0 0 0 0 0 0 0 0 0 0 0 0 0 0 0 0 0 0 0 0 0 0 0 0 0 0 0 0 0 0 0 0 0 0 0 0 0 0 0 0 0 0 0 0 0 0 0 0 0 0 0 0 0 0 0 0 0 0 0 0 0 0 0 0 0 0 0 0 0 0 0 0 0 0 0 0 0 0 0 0 0 0 0 0 0 0 0 0 0 0 0 0 0 0 0 0 0 0 0 0 0 0 0 0 0 0 0 0 0 0 0 0 0 0 0 0 0 0 0 0 0 0 0 0 0 0 0 0 0 0 0 0 0 0 0 0 0 0 0 0 0 0 0 0 0 0 0 0 0 0 0 0 0 0 0 0 0 0 0 0 0 0 0 0 0 0 0 0 0 0 0 0 0 0 0 0 0 0 0 0 0 0 0 0 0 0 0 0 0 0 0 0 0 0 0 0 0 0 0 0 0 0 0 0 0 0 0 0 0 0 0 0 0 0 0 0 0 0 0 0 0 0 0 0 0 0 0 0 0 0 0 0 0 0 0 0 0 0 0 0 0 0 0 0 0 0 0 0 0 0 0 0 0 0 0 0 0 0 0 0 0 0 0 0 0 0 0 0 0 0 0 0 0 0 0 0 0 0 0 0 0 0 0 0 0 0 0 0 0 0 0 0 0 0 0 0 0 0 0 0 0 0 0 0 0 0 0 0 0 0 0 0 0 0 0 0 0 0 0 0 0 0 0 0 0 0 0 0 0 0 0 0 0 0 0 0 0 0 0 0 0 0 0 0 0 0 0 0 0 0 0 0 0 0 0 0 0 0 0 0 0 0 0 0 0 0 0 0 0 0 0 0 0 0 0 0 0 0 0 0 0 0 0 0 0 0 0 0 0 0 0 0 0 0 0 0 0 0 0 0 0 0 0 0 0 0 0 0 0 0 0 0 0 0 0 0 0 0 0 0 0 0 0 0 0 0 0 0 0 0 0 0 0 0 0 0 0 0 0 0 0 0 0 0 0 0 0 0 0 0 0 0 0 0 0 0 0 0 0 0 0 0 0 0 0 0 0 0 0 0 0 0 0 0 0 0 0 0 0 0 0 0 0 0 0 0 0 0 0 0 0 0 0 0 0 0 0 0 0 0 0 0 0 0 0 0 0 0 0 0 0 0 0 0 0 0 0 0 0 0 0 0 0 0 0 0 0 0 0 0 0 0
ctxt 377765302613
btime 1771701967
processes 319964315
procs_running 1
procs_blocked 0
softirq 24581375914 268 2368097821 257164 2180206622 41 0 214435843 3401898394 202191 3531375682

## interrupts
CPU0       CPU1       CPU2       CPU3       CPU4       CPU5       CPU6       CPU7       CPU8       CPU9       CPU10      CPU11      CPU12      CPU13      CPU14      CPU15      
   0:         39          0          0          0          0          0          0          0          0          0          0          0          0          0          0          0  IR-IO-APIC    2-edge      timer
   1:          0          0          0          0          0          0          0          0          0          0          0          9          0          0          0          0  IR-IO-APIC    1-edge      i8042
   7:          0          0          0          0          0          0          0          0          0          0          0          0          0          0          0          0  IR-IO-APIC    7-fasteoi   pinctrl_amd
   8:          0          0          0          0          0          0          0          0          0          0          0          0          0          0          0          0  IR-IO-APIC    8-edge      rtc0
   9:          0    3174560          0          0          0          0          0          0          0          0          0          0          0          0          0          0  IR-IO-APIC    9-fasteoi   acpi
  24:          0          0          0          0          0          0          0          0          0          0          0          0          0          0          0          0  PCI-MSI-0000:00:00.2    0-edge      AMD-Vi
  25:          0          0          0          0          0          0          0          0          0          0          0          0          0          0          0          0  amd_gpio    0  ACPI:Event
  26:          0          0          0          0          0          0          0          0          0          0          0          0          0          0          0          0  amd_gpio   44  ACPI:Event
  27:          0          0          0          0          0          0          0          0          0          0          0          0          0          0          0          0  amd_gpio   61  ACPI:Event
  28:          0          0          0          0          0          0          0          0          0          0          0          0          0          0          0          0  amd_gpio   62  ACPI:Event
  29:          0          0          0          0          0          0          0          0          0          0          0          0          0          0          0          0  amd_gpio   58  ACPI:Event
  30:          0          0          0          0          0          0          0          0          0          0          0          0          0          0          0          0  amd_gpio   59  ACPI:Event
  31:          0          0          0          0          0          0          0          0          0          0          0          0          0          0          0          0  amd_gpio    3  ACPI:Event
  32:          0          0          0          0          0          0          0          0          0          0          0          0          0          0          0          0  amd_gpio   18  ACPI:Event
  33:          0          0          0          0          0          0          0          0          0          0          0          0          0          0          0          0  amd_gpio   24  ACPI:Event
  34:          0          0          0          0          0          0          0          0          0          0          0          0          0          0          0          0  IR-PCI-MSI-0000:00:01.2    0-edge      PCIe PME
  35:          0          0          0          0          0          0          0          0          0          0          0          0          0          0          0          0  IR-PCI-MSI-0000:00:02.1    0-edge      PCIe PME
  36:          0          0          0          0          0          0          0          0          0          0          0          0          0          0          0          0  IR-PCI-MSI-0000:00:02.2    0-edge      PCIe PME
  37:          0          0          0          0          0          0          0          0          0          0          0          0          0          0          0          0  IR-PCI-MSI-0000:00:03.1    0-edge      PCIe PME, aerdrv, pciehp
  38:          0          0          0          0          0          0          0          0          0          0          0          0          0          0          0          0  IR-PCI-MSI-0000:00:04.1    0-edge      PCIe PME, aerdrv, pciehp
  39:          0          0          0          0          0          0          0          0          0          0          0          0          0          0          0          0  IR-PCI-MSI-0000:00:08.1    0-edge      PCIe PME
  40:          0          0          0          0          0          0          0          0          0          0          0          0          0          0          0          0  IR-PCI-MSI-0000:00:08.3    0-edge      PCIe PME, aerdrv
  42:          0          0          0          0          0          0          0          0          0          0          0          0          0       5488          0          0  IR-PCI-MSIX-0000:65:00.5    0-edge      thunderbolt
  43:          0          0          0          0          0          0          0          0          0          0          0          0          0          0       5545          0  IR-PCI-MSIX-0000:65:00.5    1-edge      thunderbolt
  60:          0          0          0          0          0          0          0          0          0          0          0          0          0          0          0         22  IR-PCI-MSIX-0000:01:00.0    0-edge      nvme0q0
  61:          0   64712517          0          0          0          0          0          0          0          0          0          0          0          0          0          0  IR-PCI-MSIX-0000:01:00.0    1-edge      nvme0q1
  62:          0          0          0  125758164          0          0          0          0          0          0          0          0          0          0          0          0  IR-PCI-MSIX-0000:01:00.0    2-edge      nvme0q2
  63:          0          0          0          0          0   61153823          0          0          0          0          0          0          0          0          0          0  IR-PCI-MSIX-0000:01:00.0    3-edge      nvme0q3
  64:          0          0          0          0          0          0          0  123798714          0          0          0          0          0          0          0          0  IR-PCI-MSIX-0000:01:00.0    4-edge      nvme0q4
  65:          0          0          0          0          0          0          0          0          0   47178521          0          0          0          0          0          0  IR-PCI-MSIX-0000:01:00.0    5-edge      nvme0q5
  66:          0          0          0          0          0          0          0          0          0          0          0   31149962          0          0          0          0  IR-PCI-MSIX-0000:01:00.0    6-edge      nvme0q6
  67:          0          0          0          0          0          0          0          0          0          0          0          0          0   32098330          0          0  IR-PCI-MSIX-0000:01:00.0    7-edge      nvme0q7
  68:          0          0          0          0          0          0          0          0          0          0          0          0          0          0          0   23627961  IR-PCI-MSIX-0000:01:00.0    8-edge      nvme0q8
  69:          0          0          0          0          0          0          0          0          0 1251193040          0          0          0          0          0          0  IR-PCI-MSIX-0000:02:00.0    0-edge      eno1
  71:       5538          0          0          0          0          0          0          0          0          0          0          0          0          0          0          0  IR-PCI-MSIX-0000:65:00.6    0-edge      thunderbolt
  72:          0       5545          0          0          0          0          0          0          0          0          0          0          0          0          0          0  IR-PCI-MSIX-0000:65:00.6    1-edge      thunderbolt
  88:          0          0          0          0          0          0          0          0          0          0          0          0          0          0          0          0  IR-PCI-MSIX-0000:64:00.3    0-edge      xhci_hcd
  90:          0          0          0  209324385          0          0          0          0          0          0          0          0          0          0          0          0  IR-PCI-MSIX-0000:64:00.4    0-edge      xhci_hcd
  91:          0          0          0          0          0          0          0          0          0          0          0          0          0          0          0          0  IR-PCI-MSIX-0000:65:00.0    0-edge      xhci_hcd
  93:          0          0          0          0          0          0          0          0          0          0          0          0          0          0          0          0  IR-PCI-MSIX-0000:65:00.3    0-edge      xhci_hcd
  95:          0          0          0          0          0          0          0          0          0          0          0          0          0          0          0          0  IR-PCI-MSIX-0000:65:00.4    0-edge      xhci_hcd
  97:          0          0          0          0          0          0          0          0          0          0          0          0          0          0          0          0  IR-PCI-MSIX-0000:64:00.2    0-edge      psp-1
  99:          0          0          0          0          0          0          0          0          9          0          0          0          0          0          0          0  IR-PCI-MSIX-0000:03:00.0    0-edge      iwlwifi:default_queue
 100:          0          0          0          0          0          0          0          0          0          0          0          0          0          0          0          0  IR-PCI-MSIX-0000:03:00.0    1-edge      iwlwifi:queue_1
 101:          0          0          0          0          0          0          0          0          0          0          0          0          0          0          0          0  IR-PCI-MSIX-0000:03:00.0    2-edge      iwlwifi:queue_2
 102:          0          0          0          0          0          0          0          0          0          0          0          0          0          0          0          0  IR-PCI-MSIX-0000:03:00.0    3-edge      iwlwifi:queue_3
 103:          0          0          0          0          0          0          0          0          0          0          0          0          0          0          0          0  IR-PCI-MSIX-0000:03:00.0    4-edge      iwlwifi:queue_4
 104:          0          0          0          0          0          0          0          0          0          0          0          0          0          0          0          0  IR-PCI-MSIX-0000:03:00.0    5-edge      iwlwifi:queue_5
 105:          0          0          0          0          0          0          0          0          0          0          0          0          0          0          0          0  IR-PCI-MSIX-0000:03:00.0    6-edge      iwlwifi:queue_6
 106:          0          0          0          0          0          0          0          0          0          0          0          0          0          0          0          0  IR-PCI-MSIX-0000:03:00.0    7-edge      iwlwifi:queue_7
 107:          0          0          0          0          0          0          0          0          0          0          0          0          0          0          0          0  IR-PCI-MSIX-0000:03:00.0    8-edge      iwlwifi:queue_8
 108:          0          0          0          0          0          0          0          0          0          0          0          0          0          0          0          0  IR-PCI-MSIX-0000:03:00.0    9-edge      iwlwifi:queue_9
 109:          0          0          0          0          0          0          0          0          0          0          0          0          0          0          0          0  IR-PCI-MSIX-0000:03:00.0   10-edge      iwlwifi:queue_10
 110:          0          0          0          0          0          0          0          0          0          0          0          0          0          0          0          0  IR-PCI-MSIX-0000:03:00.0   11-edge      iwlwifi:queue_11
 111:          0          0          0          0          0          0          0          0          0          0          0          0          0          0          0          0  IR-PCI-MSIX-0000:03:00.0   12-edge      iwlwifi:queue_12
 112:          0          0          0          0          0          0          0          0          0          0          0          0          0          0          0          0  IR-PCI-MSIX-0000:03:00.0   13-edge      iwlwifi:queue_13
 113:          0          0          0          0          0          0          0          0          0          0          0          0          0          0          0          0  IR-PCI-MSIX-0000:03:00.0   14-edge      iwlwifi:queue_14
 114:          0          0          0          0          0          0          0          2          0          0          0          0          0          0          0          0  IR-PCI-MSIX-0000:03:00.0   15-edge      iwlwifi:exception
 116:          0          0          0          0          0          0          0          0          0          0          0          0          0          0      80934          0  IR-PCI-MSI-0000:64:00.1    0-edge      snd_hda_intel:card0
 117:          0          0          0          0          0          0          0          0          0          0          0          0          0          0          0       3447  IR-PCI-MSI-0000:64:00.6    0-edge      snd_hda_intel:card1
 118:          0          0          0          0          0          0          0          0          0          0    6552091          0          0          0          0          0  IR-PCI-MSIX-0000:64:00.0    0-edge      amdgpu
 NMI:     101790      71575     239975     168489     159517      52475     190765     159707      74790      40778      55044      28691      55894      35573      60711      31405   Non-maskable interrupts
 LOC: 1600649645 4251642375 1586187718   95787696 2498624017  251767841 1625367091   15491018 2785301440  955565059 2113068141 3892446461 1974857648 4031457921 1524220329 3592677727   Local timer interrupts
 SPU:          0          0          0          0          0          0          0          0          0          0          0          0          0          0          0          0   Spurious interrupts
 PMI:     101720      71549     239954     168483     159447      52336     190684     159685      74694      40764      54949      28679      55857      35490      60671      31318   Performance monitoring interrupts
 IWI:         78         24        140         21        257         65         37         29         39        120         52        220        111        119        788         87   IRQ work interrupts
 RTR:          0          0          0          0          0          0          0          0          0          0          0          0          0          0          0          0   APIC ICR read retries
 RES:  165764625   86770994  142146197   59542300  166060335   73227423  126976488   58023454  151795110   83424760  170289566   87932864  158744261   83747018  174503909  101513163   Rescheduling interrupts
 CAL:   70848032 1301236550 4114187776  861779428 3780788003 1585388752 4165430176 1025991294 2082905252 2903134825 3478602218 1408255622 3637136223 1797755296 2389580290 1153677938   Function call interrupts
 TLB:  239525402  254693066  194932227  227873016  290684752  227754189  198591404  225894803  317541299  181722588  157079641   80325665  181022245  103119894  105283302   63754050   TLB shootdowns
 TRM:          0          0          0          0          0          0          0          0          0          0          0          0          0          0          0          0   Thermal event interrupts
 THR:          0          0          0          0          0          0          0          0          0          0          0          0          0          0          0          0   Threshold APIC interrupts
 DFR:          0          0          0          0          0          0          0          0          0          0          0          0          0          0          0          0   Deferred Error APIC interrupts
 MCE:          0          0          0          0          0          0          0          0          0          0          0          0          0          0          0          0   Machine check exceptions
 MCP:      51226      51226      51226      51226      51226      51226      51226      51226      51226      51226      51226      51226      51226      51226      51226      51226   Machine check polls
 ERR:          0
 MIS:          0
 PIN:          0          0          0          0          0          0          0          0          0          0          0          0          0          0          0          0   Posted-interrupt notification event
 NPI:          0          0          0          0          0          0          0          0          0          0          0          0          0          0          0          0   Nested posted-interrupt event
 PIW:          0          0          0          0          0          0          0          0          0          0          0          0          0          0          0          0   Posted-interrupt wakeup event

## softirqs
CPU0       CPU1       CPU2       CPU3       CPU4       CPU5       CPU6       CPU7       CPU8       CPU9       CPU10      CPU11      CPU12      CPU13      CPU14      CPU15      
          HI:          0          0          3        123        134          0          0          6          0          1          1          0          0          0          0          0
       TIMER:  247400419   89423610  281730623  245537835  186312559   70462011  235623186  161669163  146730642  276178954  111583627   46859666   99731827   50191854   75095450   43566395
      NET_TX:       1117        446       1207        547       1176        510       1388        576        804     246138        995        327        795        302        597        239
      NET_RX:   21753506    5320595   29703892   11556225   24029545    4654322   27948512   11495767   20527690 1970434622   18514729    2640689   15268125    2853812   11462449    2042142
       BLOCK:          0          0          0         12          0          0          0          0          0          0          0          0          0          0          0         29
    IRQ_POLL:          0          0          0          0          0          0          0          0          0          0          0          0          0          0          0          0
     TASKLET:        135         75        232  209316336        474         55        157        121        117    5117765         93         45         82         62         63         31
       SCHED: 1584811139  692633542 1107930897  673526206  960651520  389518211 1048542363  600576224  890418200  821688355  792717637  321452865  758903090  348864979  676781441  322816317
     HRTIMER:          7          6          7          1          7          1         10          2         11     202086         19          2         19          1          8          4
         RCU:  538132740  302751246  925947765  693093784  557153788  271072614  856986626  624693773  519778463  468480960  474862360  234018769  457040064  248927938  418865925  234536163

## meminfo
MemTotal:       32087904 kB
MemFree:         5397128 kB
MemAvailable:   11813188 kB
Buffers:          234276 kB
Cached:          5414252 kB
SwapCached:      1853740 kB
Active:          7351320 kB
Inactive:        7676108 kB
Active(anon):    6708296 kB
Inactive(anon):  2830496 kB
Active(file):     643024 kB
Inactive(file):  4845612 kB
Unevictable:          64 kB
Mlocked:              64 kB
SwapTotal:      50331644 kB
SwapFree:       35210004 kB
Zswap:                 0 kB
Zswapped:              0 kB
Dirty:               532 kB
Writeback:             0 kB
AnonPages:       9206624 kB
Mapped:           809776 kB
Shmem:            160340 kB
KReclaimable:    1550064 kB
Slab:            9044208 kB
SReclaimable:    1550064 kB
SUnreclaim:      7494144 kB
KernelStack:       29424 kB
PageTables:       150820 kB
SecPageTables:      5204 kB
NFS_Unstable:          0 kB
Bounce:                0 kB
WritebackTmp:          0 kB
CommitLimit:    65327020 kB
Committed_AS:   72028760 kB
VmallocTotal:   34359738367 kB
VmallocUsed:       95480 kB
VmallocChunk:          0 kB
Percpu:            19520 kB
HardwareCorrupted:     0 kB
AnonHugePages:   2738176 kB
ShmemHugePages:        0 kB
ShmemPmdMapped:        0 kB
FileHugePages:         0 kB
FilePmdMapped:         0 kB
Unaccepted:            0 kB
HugePages_Total:    1024
HugePages_Free:     1024
HugePages_Rsvd:        0
HugePages_Surp:        0
Hugepagesize:       2048 kB
Hugetlb:         2097152 kB
DirectMap4k:     1781420 kB
DirectMap2M:    29933568 kB
DirectMap1G:     1048576 kB

